0.587259 0.587259 0.587259
0.418367 0.418367 0.418367
0.395908 0.395908 0.395908
0.373168 0.373168 0.373168
0.449104 0.449104 0.449104
0.465527 0.465527 0.465527
0.454402 0.454402 0.454402
0.567219 0.567219 0.567219
0.729917 0.729917 0.729917
0.727359 0.727359 0.727359
1.030606 1.030606 1.030606
1.081344 1.081344 1.081344
0.832785 0.832785 0.832785
0.786783 0.786783 0.786783
0.549910 0.549910 0.549910
0.566460 0.566460 0.566460
0.621295 0.621295 0.621295
0.529084 0.529084 0.529084
0.517302 0.517302 0.517302
0.545471 0.545471 0.545471
0.776932 0.776932 0.776932
1.035916 1.035916 1.035916
1.126688 1.126688 1.126688
0.839197 0.839197 0.839197
0.582073 0.582073 0.582073
0.502132 0.502132 0.502132
0.482321 0.482321 0.482321
0.447270 0.447270 0.447270
0.467609 0.467609 0.467609
0.539050 0.539050 0.539050
0.701295 0.701295 0.701295
1.177393 1.177393 1.177393
0.959870 0.959870 0.959870
0.596961 0.596961 0.596961
0.421208 0.421208 0.421208
0.413999 0.413999 0.413999
0.449172 0.449172 0.449172
0.419481 0.419481 0.419481
0.411655 0.411655 0.411655
0.469331 0.469331 0.469331
0.587361 0.587361 0.587361
0.892343 0.892343 0.892343
0.749823 0.749823 0.749823
0.932236 0.932236 0.932236
0.628385 0.628385 0.628385
0.525582 0.525582 0.525582
0.418698 0.418698 0.418698
0.468533 0.468533 0.468533
0.440087 0.440087 0.440087
0.645790 0.645790 0.645790
0.980864 0.980864 0.980864
1.261947 1.261947 1.261947
0.862929 0.862929 0.862929
0.568904 0.568904 0.568904
0.626392 0.626392 0.626392
0.473515 0.473515 0.473515
0.338634 0.338634 0.338634
0.333124 0.333124 0.333124
0.487214 0.487214 0.487214
0.700342 0.700342 0.700342
0.853006 0.853006 0.853006
1.133668 1.133668 1.133668
0.845844 0.845844 0.845844
0.658614 0.658614 0.658614
0.441193 0.441193 0.441193
0.483710 0.483710 0.483710
0.386163 0.386163 0.386163
0.382829 0.382829 0.382829
0.452714 0.452714 0.452714
0.633274 0.633274 0.633274
0.748724 0.748724 0.748724
0.558038 0.558038 0.558038
0.419193 0.419193 0.419193
0.365824 0.365824 0.365824
0.373897 0.373897 0.373897
0.394112 0.394112 0.394112
0.415073 0.415073 0.415073
0.430423 0.430423 0.430423
0.371148 0.371148 0.371148
0.355266 0.355266 0.355266
0.599212 0.599212 0.599212
0.888721 0.888721 0.888721
0.794344 0.794344 0.794344
0.543997 0.543997 0.543997
0.409459 0.409459 0.409459
0.430539 0.430539 0.430539
0.411508 0.411508 0.411508
0.364042 0.364042 0.364042
0.342167 0.342167 0.342167
0.478540 0.478540 0.478540
0.772723 0.772723 0.772723
0.644837 0.644837 0.644837
0.521015 0.521015 0.521015
0.410395 0.410395 0.410395
0.321642 0.321642 0.321642
0.338256 0.338256 0.338256
0.384629 0.384629 0.384629
0.341021 0.341021 0.341021
0.332512 0.332512 0.332512
0.376334 0.376334 0.376334
0.493523 0.493523 0.493523
0.483638 0.483638 0.483638
0.686755 0.686755 0.686755
0.518207 0.518207 0.518207
0.321263 0.321263 0.321263
0.363102 0.363102 0.363102
0.293981 0.293981 0.293981
0.303366 0.303366 0.303366
0.454905 0.454905 0.454905
0.621636 0.621636 0.621636
0.870327 0.870327 0.870327
0.918244 0.918244 0.918244
