0.563432 0.563432 0.563432
0.407457 0.407457 0.407457
0.385872 0.385872 0.385872
0.378374 0.378374 0.378374
0.462130 0.462130 0.462130
0.471648 0.471648 0.471648
0.448188 0.448188 0.448188
0.541274 0.541274 0.541274
0.705643 0.705643 0.705643
0.688102 0.688102 0.688102
1.031348 1.031348 1.031348
1.098109 1.098109 1.098109
0.849540 0.849540 0.849540
0.772664 0.772664 0.772664
0.567534 0.567534 0.567534
0.548207 0.548207 0.548207
0.608084 0.608084 0.608084
0.527536 0.527536 0.527536
0.516074 0.516074 0.516074
0.533008 0.533008 0.533008
0.748242 0.748242 0.748242
0.998714 0.998714 0.998714
1.018369 1.018369 1.018369
0.806440 0.806440 0.806440
0.595618 0.595618 0.595618
0.505856 0.505856 0.505856
0.493462 0.493462 0.493462
0.445487 0.445487 0.445487
0.489936 0.489936 0.489936
0.532976 0.532976 0.532976
0.667516 0.667516 0.667516
1.090518 1.090518 1.090518
0.881556 0.881556 0.881556
0.591526 0.591526 0.591526
0.426314 0.426314 0.426314
0.414957 0.414957 0.414957
0.450527 0.450527 0.450527
0.423037 0.423037 0.423037
0.414336 0.414336 0.414336
0.480240 0.480240 0.480240
0.590434 0.590434 0.590434
0.832987 0.832987 0.832987
0.729857 0.729857 0.729857
0.960680 0.960680 0.960680
0.623588 0.623588 0.623588
0.486914 0.486914 0.486914
0.415136 0.415136 0.415136
0.481506 0.481506 0.481506
0.445335 0.445335 0.445335
0.661936 0.661936 0.661936
1.030958 1.030958 1.030958
1.423882 1.423882 1.423882
0.902380 0.902380 0.902380
0.582085 0.582085 0.582085
0.665688 0.665688 0.665688
0.472239 0.472239 0.472239
0.338442 0.338442 0.338442
0.335112 0.335112 0.335112
0.497426 0.497426 0.497426
0.747028 0.747028 0.747028
0.906303 0.906303 0.906303
1.232813 1.232813 1.232813
0.887716 0.887716 0.887716
0.657800 0.657800 0.657800
0.444269 0.444269 0.444269
0.492096 0.492096 0.492096
0.398304 0.398304 0.398304
0.404282 0.404282 0.404282
0.457628 0.457628 0.457628
0.678450 0.678450 0.678450
0.812233 0.812233 0.812233
0.589832 0.589832 0.589832
0.440877 0.440877 0.440877
0.377573 0.377573 0.377573
0.380041 0.380041 0.380041
0.403686 0.403686 0.403686
0.416097 0.416097 0.416097
0.414923 0.414923 0.414923
0.379988 0.379988 0.379988
0.373156 0.373156 0.373156
0.629750 0.629750 0.629750
0.964756 0.964756 0.964756
0.841810 0.841810 0.841810
0.576641 0.576641 0.576641
0.432871 0.432871 0.432871
0.418090 0.418090 0.418090
0.406612 0.406612 0.406612
0.375135 0.375135 0.375135
0.351473 0.351473 0.351473
0.504007 0.504007 0.504007
0.828421 0.828421 0.828421
0.704731 0.704731 0.704731
0.543274 0.543274 0.543274
0.411818 0.411818 0.411818
0.319418 0.319418 0.319418
0.337700 0.337700 0.337700
0.382503 0.382503 0.382503
0.340402 0.340402 0.340402
0.334336 0.334336 0.334336
0.378504 0.378504 0.378504
0.517380 0.517380 0.517380
0.503241 0.503241 0.503241
0.716020 0.716020 0.716020
0.522894 0.522894 0.522894
0.315057 0.315057 0.315057
0.369885 0.369885 0.369885
0.294658 0.294658 0.294658
0.296908 0.296908 0.296908
0.442520 0.442520 0.442520
0.603443 0.603443 0.603443
0.853188 0.853188 0.853188
1.003339 1.003339 1.003339
