-0.655696 -0.657847 0.370539
-0.555013 -0.580102 0.596190
-0.381781 -0.560969 0.734545
-0.192374 -0.571709 0.797585
-0.085058 -0.451448 0.888234
-0.242726 -0.461012 0.853552
-0.516698 -0.452230 0.726988
-0.668795 -0.492402 0.557004
-0.739508 -0.549534 0.388767
-0.574887 -0.703343 0.418107
-0.242868 -0.859322 0.450090
-0.030711 -0.899276 0.436301
-0.047217 -0.785896 0.616553
-0.322387 -0.735180 0.596303
-0.468432 -0.612873 0.636364
-0.270555 -0.619547 0.736859
-0.100857 -0.665168 0.739851
-0.094948 -0.241189 0.965822
-0.356355 -0.244351 0.901834
-0.633254 -0.252852 0.731475
-0.747780 -0.300127 0.592241
-0.855335 -0.342404 0.388794
-0.880884 -0.117576 0.458497
-0.712430 -0.099907 0.694595
-0.469360 -0.083347 0.879065
-0.299747 -0.071618 0.951327
-0.095065 -0.074808 0.992656
-0.092533 0.077173 0.992714
-0.322361 0.086517 0.942655
-0.582440 0.079923 0.808935
-0.728081 0.089835 0.679579
-0.851429 0.108260 0.513175
-0.795779 0.261428 0.546251
-0.618508 0.215816 0.755560
-0.348565 0.195561 0.916656
-0.210638 0.198346 0.957231
-0.049064 0.181252 0.982212
-0.053744 0.309385 0.949417
-0.301881 0.349104 0.887127
-0.510666 0.370445 0.775881
-0.619303 0.408308 0.670633
-0.755863 0.488330 0.436125
-0.673837 0.642440 0.364985
-0.516385 0.732028 0.444389
-0.453259 0.592025 0.666380
-0.608025 0.536071 0.585605
-0.475390 0.484187 0.734553
-0.340367 0.523682 0.780966
-0.128306 0.520668 0.844063
-0.244660 0.642434 0.726236
-0.278466 0.790989 0.544787
-0.080949 0.900306 0.427665
-0.011551 0.741995 0.670306
-0.050993 0.590637 0.805324
0.658919 0.641861 0.392224
0.587825 0.543328 0.599381
0.508415 0.453978 0.731723
0.347183 0.451794 0.821795
0.391527 0.552025 0.736189
0.418900 0.675513 0.606798
0.481880 0.735598 0.476117
0.232561 0.861639 0.451102
0.131237 0.745256 0.653735
0.163897 0.617715 0.769133
0.148007 0.513890 0.844992
0.126420 0.443530 0.887299
0.271040 0.404626 0.873393
0.516484 0.405182 0.754369
0.640648 0.430923 0.635512
0.733508 0.525351 0.431245
0.806593 0.348322 0.477577
0.700250 0.301318 0.647191
0.602689 0.250645 0.757591
0.442716 0.239730 0.864021
0.349774 0.242533 0.904896
0.234213 0.248731 0.939828
0.107034 0.240678 0.964685
0.150353 0.128859 0.980199
0.333951 0.128521 0.933787
0.550864 0.122268 0.825590
0.697360 0.156414 0.699445
0.814676 0.192450 0.547053
0.851141 0.034577 0.523797
0.653889 0.035316 0.755766
0.409642 0.030159 0.911748
0.169145 0.029573 0.985147
0.176453 -0.113049 0.977796
0.361820 -0.106873 0.926102
0.534645 -0.111148 0.837736
0.651010 -0.126769 0.748409
0.824384 -0.166966 0.540845
0.765559 -0.403312 0.501258
0.698400 -0.354086 0.621981
0.590093 -0.305946 0.747120
0.518296 -0.272223 0.810718
0.404637 -0.274829 0.872203
0.205205 -0.284947 0.936320
0.204368 -0.383282 0.900738
0.423808 -0.374397 0.824751
0.600304 -0.413093 0.684828
0.699862 -0.482336 0.526825
0.669372 -0.630318 0.393244
0.518501 -0.743947 0.421544
0.449919 -0.630816 0.632174
0.540297 -0.470678 0.697525
0.418874 -0.514825 0.747997
0.480171 -0.444878 0.755989
0.264887 -0.469753 0.842120
0.200191 -0.585595 0.785494
0.253429 -0.683791 0.684254
0.288955 -0.808803 0.512194
0.377494 -0.867058 0.325129
