-0.675130 -0.620773 0.398548
-0.577362 -0.547762 0.605484
-0.410012 -0.539210 0.735624
-0.235525 -0.553097 0.799132
-0.122239 -0.440691 0.889297
-0.272053 -0.437536 0.857058
-0.534930 -0.423355 0.731177
-0.666891 -0.453118 0.591558
-0.748687 -0.494649 0.441350
-0.594005 -0.664368 0.453622
-0.321818 -0.810965 0.488639
-0.127638 -0.862763 0.489233
-0.123395 -0.754232 0.644909
-0.366671 -0.699121 0.613826
-0.488357 -0.577231 0.654455
-0.299326 -0.591697 0.748531
-0.149564 -0.638372 0.755058
-0.124130 -0.232976 0.964528
-0.366864 -0.230148 0.901356
-0.625505 -0.242233 0.741665
-0.737193 -0.276576 0.616484
-0.842464 -0.299352 0.447933
-0.854774 -0.112696 0.506617
-0.698664 -0.100745 0.708321
-0.471019 -0.081170 0.878381
-0.307508 -0.076802 0.948441
-0.112722 -0.077768 0.990579
-0.114810 0.069392 0.990961
-0.329118 0.068840 0.941776
-0.570729 0.060635 0.818896
-0.712567 0.068942 0.698208
-0.826315 0.090841 0.555834
-0.777727 0.225101 0.586916
-0.608167 0.187201 0.771420
-0.351056 0.173514 0.920137
-0.226248 0.177677 0.957728
-0.070306 0.170864 0.982783
-0.072613 0.291562 0.953792
-0.310930 0.314221 0.896988
-0.506535 0.332370 0.795583
-0.611335 0.364078 0.702650
-0.753377 0.435409 0.492789
-0.685080 0.582369 0.437621
-0.551317 0.664422 0.504571
-0.468195 0.544104 0.696236
-0.604395 0.490314 0.627932
-0.473787 0.442786 0.761227
-0.350576 0.486064 0.800524
-0.148730 0.490862 0.858448
-0.275833 0.597321 0.753076
-0.340182 0.733258 0.588735
-0.174483 0.856056 0.486543
-0.072152 0.707615 0.702905
-0.079248 0.561095 0.823949
0.628763 0.651917 0.423865
0.570673 0.541035 0.617749
0.494781 0.454830 0.740487
0.329553 0.450471 0.829741
0.361541 0.545737 0.755949
0.376599 0.673830 0.635709
0.423163 0.745057 0.515580
0.152753 0.849375 0.505201
0.072193 0.721777 0.688350
0.126464 0.605676 0.785598
0.137468 0.505045 0.852075
0.106014 0.431065 0.896071
0.251436 0.401126 0.880839
0.495416 0.414636 0.763309
0.618809 0.443215 0.648565
0.710147 0.543710 0.447293
0.782218 0.375171 0.497375
0.679822 0.317765 0.660960
0.586461 0.269498 0.763829
0.427668 0.248197 0.869194
0.336587 0.246548 0.908803
0.216740 0.248872 0.943974
0.097566 0.237647 0.966439
0.138658 0.135294 0.981055
0.323328 0.133267 0.936856
0.542284 0.130057 0.830068
0.680632 0.170599 0.712486
0.795360 0.212166 0.567792
0.841901 0.048859 0.537416
0.633887 0.041799 0.772295
0.398869 0.038876 0.916183
0.157650 0.036825 0.986808
0.161285 -0.108319 0.980946
0.349698 -0.103785 0.931096
0.526461 -0.105116 0.843676
0.635620 -0.125857 0.761674
0.811570 -0.172767 0.558127
0.745412 -0.424198 0.514216
0.681922 -0.363455 0.634730
0.574989 -0.308490 0.757774
0.502833 -0.270472 0.820977
0.389548 -0.273948 0.879321
0.190472 -0.281674 0.940415
0.186830 -0.375599 0.907755
0.403033 -0.376091 0.834338
0.580174 -0.419480 0.698165
0.673306 -0.507962 0.537247
0.640266 -0.656694 0.398514
0.458002 -0.764866 0.453005
0.405364 -0.638762 0.653960
0.519757 -0.478464 0.707760
0.386397 -0.518069 0.763087
0.461401 -0.449536 0.764870
0.246006 -0.466232 0.849770
0.167051 -0.576846 0.799589
0.204483 -0.675602 0.708342
0.220572 -0.802291 0.554686
0.286890 -0.878321 0.382422
